8 7 15
224
2
45 34  5 38 47 42  7 40 141 136  9 124 13 134 11 
 4 37 46 43  6 39 142 139  8 125 146 135 10 123 14 
33 44 35 48 55 166 41 144 171 140 137 126 147 12 133 
36  3 54 189 50 143 196 167 138 145 170 149 132 15 122 
53 32 49 56 199 188 165 172 197 168 131 152 127 148 87 
 2 57 200 51 190 203 198 195 164 173 150 169 88 121 16 
31 52  1 212 201 194 187 204 181 130 153 128 151 86 89 
58 223 70 191 208 217 202 193 186 163 174 91 120 17 110 
71 30 211 218 213 192 207 180 205 182 129 154 109 90 85 
222 59 224 69 216 209 214 185 162 175 92 119 84 111 18 
29 72 221 210 219 160 179 206 183 116 155 108 101 94 83 
60 225 68 159 178 215 184 161 176 107 118 93 112 19 100 
67 28 73 220 63 158 177 106 117 156 115 102 97 82 95 
74 61 26 65 76 105 24 157 78 103 22 113 80 99 20 
27 66 75 62 25 64 77 104 23 114 79 98 21 96 81 
