1 10 15
224
1
45 160 167 12 47 156 101 10 49 94 99  8 51 54 91 
166 13 46 161 172 11 48 125 100  9 50 93 90  7 52 
159 44 173 168 157 124 155 102 95 122 89 98 53 92 55 
14 165 158 175 162 171 130 123 126 103 96 105 82 87  6 
43 174 163 178 169 154 127 110 129 112 121 88 97 56 81 
164 15 184 153 176 179 170 131 120 109 104 83 106  5 86 
39 42 177 208 183 152 117 128 111 132 113 108 85 80 57 
16 209 40 185 180 207 182 151 116 119 84 133 58 107  4 
41 38 225 206 211 186 143 118 141 146  1 114 79 70 59 
224 17 210 195 222 181 150 187 144 115 136 67 134  3 78 
37 220 223 212 205 194 201 142 147 140 145  2 71 60 69 
18 213 196 221 200 217 190 149 188 137 66 135 68 77 26 
197 36 219 216 191 204 193 202 65 148 139 76 27 72 61 
214 19 34 199 218 21 32 189 138 23 30 63 74 25 28 
35 198 215 20 33 192 203 22 31 64 75 24 29 62 73 
