3 13 15
224
0
 9 68 113 40 11 70 171 42 13 178 167 44 15 48 165 
112 39 10 69 174 41 12 183 172 43 14 179 166 45 16 
67  8 111 114 71 184 173 170 177 220 181 168 47 164 49 
38 115 72 185 110 175 120 219 182 169 190 221 180 17 46 
 7 66 109 116 121 216 187 176 225 218 207 144 161 50 163 
108 37 122 73 186 119 224 217 206 189 222 191 208 145 18 
65  6 117 106 215 124 203 188 223 212 205 160 143 162 51 
36 107 74 123 118 201 214 211 204 197 192 209 146 19 142 
 5 64 35 130 105 150 125 202 213 210 157 196 159 52 137 
34 75 62 103 82 129 200 149 156 193 198 147 136 141 20 
63  4 81 84 131 104 151 126 199 148 155 158 195 138 53 
76 33 86 61 102 83 128 133 98 153 194 135 94 21 140 
 3 30  1 80 85 132 101 152 127 134 97 154 139 54 93 
32 77 28 87 60 79 26 89 58 99 24 91 56 95 22 
29  2 31 78 27 88 59 100 25 90 57 96 23 92 55 
