9 9 15
224
1
57 54 41 50 43 66 11 48 45 86 13 82 17 90 15 
40 51 56 65 10 49 44 85 12 83 46 97 14 81 18 
55 58 53 42 143 64 67 78 47 106 87 80 89 16 91 
52 39 144 63 68  9 140 123 84 79 98 105 96 19 100 
59 62 69 148 145 142 77  8 139 122 107 88 99 92 95 
38 151 60 159 76  7 146 141 124  5 104 121 94 101 20 
61 70 149 152 147 160 181  6  3 138 125 108 103 110 93 
150 37 158 75 182 153  2 163 180 127  4 137 120 21 102 
71 74 183 154 161 212 185 178  1 164 171 126 109 130 111 
36 157 72 213 184 195 162 217 186 179 128 165 136 119 22 
73 202 155 196 225 214 211 194 177 172 187 170 129 112 131 
156 35 222 201 210 197 218 191 216 193 176 135 166 23 118 
203 32 205 208 221 224 215 198 173 190 169 188 115 132 113 
34 207 30 223 200 209 28 219 192 175 26 167 134 117 24 
31 204 33 206 29 220 199 174 27 168 189 116 25 114 133 
