14 6 15
224
0
61 56 63  8 75 58 79  6 77 142 83  4 135 140 85 
64  9 60 57 80  7 76 145 82  5 148 141 84  3 134 
55 62 65 74 59 156 81 78 153 146 143 136 149 86 139 
10 73 54 157 70 201 162 155 144 215 152 147 138 133  2 
53 66 71 194 163 158 197 214 161 154 137 216 119 150 87 
72 11 164 69 200 195 202 159 210 217 220 151 132  1 118 
67 52 191 166 193 198 213 196 221 160 211 120 219 88 123 
12 165 68 199 190 203 182 209 212 225 218 131 122 117 24 
51 188 103 192 167 208 205 222 183 176 121 224 25 124 89 
102 13 168 189 204 185 172 181 206 223 130 175 116 23 26 
109 50 187 104 171 180 207 184 129 174 177 92 125 90 35 
14 101 110 169 186 97 128 173 178 93 126 115 36 27 22 
49 108 47 100 105 170 179 96 127 114 41 30 91 34 37 
46 15 106 111 44 17 98 113 42 19 94 39 32 21 28 
107 48 45 16 99 112 43 18 95 40 31 20 29 38 33 
