1 10 15
45342721529
3.6e+06
1 185 178 189 180 1 194 153 1 1 1 1 1 1 1 
1 188 183 174 177 190 181 192 1 152 1 1 1 1 1 
184 175 186 179 182 193 154 151 148 1 142 139 82 1 1 
187 1 1 176 173 1 191 1 141 150 147 144 87 138 81 
1 165 172 1 158 155 134 149 146 143 140 137 80 83 86 
171 1 169 164 133 1 157 104 107 136 145 88 85 76 79 
168 163 166 159 156 129 132 135 100 103 106 75 78 71 84 
1 170 125 128 131 110 99 102 105 108 89 44 69 74 77 
162 167 160 121 124 127 130 109 98 101 68 39 72 43 70 
1 120 123 126 111 94 97 64 67 90 45 34 41 38 73 
116 161 2 93 122 63 66 91 96 33 40 27 36 31 42 
119 1 117 112 3 92 95 62 65 46 35 32 29 26 37 
1 115 52 55 58 61 4 47 20 17 28 25 12 9 30 
51 118 113 60 49 54 57 16 5 22 19 14 7 24 11 
114 1 50 53 56 59 48 21 18 15 6 23 10 13 8 
