[X]: 17 - [Y]: 11 - SIZE: 25
MOVES: 624
TIME: 1ms
171 96 275 278 173 98 251 244 175 100 181 238 177 102 179 186 205 104 59 210 365 106 61 110 113 
276 307 172 97 274 281 174 99 250 245 176 101 180 187 204 103 58 209 366 105 60 211 112 107 62 
95 170 277 308 279 252 249 282 243 182 239 200 237 178 185 208 235 206 361 372 233 364 109 114 111 
306 293 310 273 286 289 280 253 248 255 246 183 188 203 236 57 360 373 234 367 362 225 212 63 108 
169 94 305 288 309 272 285 262 283 242 199 240 201 184 53 374 207 368 371 376 383 232 363 224 115 
294 311 292 315 304 287 290 271 254 247 256 189 52 33 202 359 56 375 382 369 388 377 226 213 64 
93 168 301 312 291 334 263 284 261 268 241 198 191 54 37 32 381 370 389 384 379 386 231 116 223 
300 295 316 333 314 303 270 267 264 257 190 51 36 25 34 55 358 27 380 387 398 227 378 65 214 
167 92 313 302 335 266 499 326 269 260 197 192 49 38 31 26 29 390 395 228 385 230 399 222 117 
296 299 332 317 500 327 336 265 258 193 50 45 24 35  4 41 14 357 28 407 394 397 118 215 66 
91 166 297 328 337 498 325 510 351 196 259 48 39 42 15 30  1 410 391 396 229 408 221 400 119 
298 331 318 501 324 507 350 555 194 509 46 23 44  3 40  5 356 13 416 409 406 393 402 67 216 
165 90 329 338 497 502 511 508 515 352 195 520 47 16 43  2 417  6 411 392 415 220 405 120 401 
330 319 496 323 506 349 554 513 556 567 516 353 22 521  8 355 12 533 418 441 412 403 414 217 68 
89 164 339 348 503 512 505 566 559 514 581 564 519 354 17 524  7 440 11 532 419 442 219 404 121 
320 341 322 495 346 553 488 557 582 565 568 517 584 21 522  9 596 525 534 439 444 413 420 69 218 
163 88 347 340 489 504 573 560 569 558 583 580 563 518 595 18 523 10 531 456 535 438 443 122 125 
342 321 482 345 494 487 552 491 574 587 562 585 578 589 20 607 530 597 526 453 436 445 124 421 70 
87 162 343 486 483 490 493 572 561 570 579 588 611 594 609 614 19 606 455 536 457 452 437 126 123 
152 477 160 481 344 547 484 551 492 575 586 577 590 625 612 605 608 529 598 527 454 435 446 71 422 
161 86 153 476 485 480 469 546 571 550 541 624 593 610 615 618 613 604 537 460 451 458 431 434 127 
142 151 478 159 154 475 548 473 468 545 576 591 540 619 622 603 538 617 528 599 432 447 128 423 72 
85 146 143 150 479 158 155 470 549 472 467 542 623 592 539 616 621 602 461 450 459 430 433 426 129 
144 141 148 83 156 139 474 81 466 137 544 79 464 135 620 77 462 133 600 75 448 131 428 73 424 
147 84 145 140 149 82 157 138 471 80 465 136 543 78 463 134 601 76 449 132 429 74 425 130 427 
