13 20 25
624
4
311 300 17 304 313 308 19 306 357 548 21 556 359 566 23 518 361 520 25 472 363 412 27 414 365 
16 303 312 309 18 305 356 549 20 557 358 567 22 577 360 571 24 517 362 521 26 473 364 411 28 
299 310 301 314 353 334 307 558 547 568 555 612 565 570 589 576 519 572 523 516 471 514 413 366 415 
302 15 320 333 316 493 550 355 560 611 564 569 590 617 578 593 588 575 580 573 522 417 474 29 410 
319 298 315 352 335 354 559 546 563 554 625 616 613 600 591 596 579 594 587 524 515 470 513 416 367 
14 321 332 317 492 545 494 551 622 561 610 553 618 597 614 599 592 583 574 581 512 475 418 409 30 
297 318 351 336 331 346 539 562 537 552 621 624 615 606 601 584 595 586 525 504 467 408 469 368 405 
322 13 330 345 350 491 544 495 540 623 542 609 534 619 598 605 526 505 582 511 476 419 406 31 370 
329 296 337 450 347 456 349 538 543 536 531 620 607 602 527 506 585 510 503 466 407 468 369 404 251 
12 323 344 327 342 449 490 455 496 541 608 535 530 533 604 509 502 465 438 477 420 397 252 371 32 
295 328 293 338 451 348 457 448 489 484 499 532 603 486 501 528 507 478 429 396 439 372 403 250 253 
286 11 324 343 326 341 454 483 460 497 488 485 500 529 508 479 464 437 440 421 398 255 374 33 248 
57 294 287 292 339 452 281 458 447 482 461 498 487 480 463 436 441 428 395 430 373 402 249 254 177 
10 285 56 325 62 289 340 453 120 459 446 481 462 435 442 427 390 431 422 399 256 375 176 247 34 
55 58 63 288 291 282 119 280 445 278 233 434 443 426 387 432 423 394 383 380 401 246 257 178 175 
64  9 284 61 116  5 290 121 232 275 444 277 234 433 424 391 386 389 400 267 382 179 376 35 244 
59 54 115  8 283 118 135  4 279 122 231 274 425 272 235 388 393 268 381 384 379 258 245 174 165 
68 65 60 117 114  1  6 123 136 227 276 225 230 263 392 271 236 385 266 269 180 377 164 243 36 
53 104 67 108  7 124 113 134  3 224 199 228 273 222 219 262 265 270 213 378 259 240 173 166 163 
66 69 84 105 102 107  2 125 198 137 226 223 218 229 264 221 214 237 260 239 212 181 242 37 152 
83 52 103 80 109 96 131 112 133 126 217 200 195 220 215 208 261 190 211 206 241 172 153 162 167 
70 79 82 85 106 101 110 95 130 197 138 187 216 201 194 189 210 207 238 155 182 205 168 151 38 
51 76 73 100 81 88 97 132 111 92 127 196 139 188 209 202 191 156 183 204 171 154 159 148 161 
74 71 78 49 86 99 90 47 94 129 140 45 186 193 142 43 184 203 144 41 158 169 146 39 150 
77 50 75 72 89 48 87 98 91 46 93 128 141 44 185 192 143 42 157 170 145 40 149 160 147 
