18 20 25
624
1
179 128 181 36 177 130 189 34 175 132 199 32 153 134 151 30 155 136 143 28 145 138 21 26 23 
182 37 178 129 190 35 176 131 198 33 174 133 200 31 154 135 150 29 158 137 142 27 24 139 20 
127 180 191 186 209 204 197 188 215 212 201 236 173 152 253 156 171 258 149 144 159 146 141 22 25 
38 183 126 205 196 187 218 211 202 235 216 213 252 237 172 257 254 157 170 349 148 263 160 19 140 
125 192 185 208 221 210 203 226 217 214 251 238 503 346 255 430 551 348 259 414 169 350 147 262 161 
184 39 222 195 206 227 224 219 234 239 502 345 250 557 594 347 256 429 550 351 354 261 264 167 18 
193 124 207 228 223 220 233 240 225 344 249 558 597 504 431 556 595 552 415 260 413 168 353 162 265 
40 229 194 245 232 241 462 343 248 501 600 505 560 603 596 593 432 549 428 553 352 355 266 17 166 
123 244 231 242 457 342 247 476 461 474 559 612 601 598 561 604 555 592 433 416 359 412 165 356 163 
230 41 450 341 246 463 456 473 500 623 506 599 608 617 602 591 548 545 554 427 434 417 358 267 16 
339 122 243 458 455 472 477 460 475 498 611 618 613 590 607 562 605 538 547 530 419 360 411 164 357 
42 449 340 451 464 459 470 499 622 507 624 589 616 609 614 539 546 533 544 537 426 435 418 15 268 
121 338 327 454 471 480 493 478 497 584 621 610 619 566 563 606 541 536 531 420 529 408 361 410 89 
328 43 448 465 452 469 496 583 508 625 570 585 588 615 540 565 532 543 534 425 436 421 88 269 14 
337 120 453 326 481 492 479 494 573 580 587 620 569 564 567 542 535 424 437 528 407 362 409 90 87 
44 329 466 447 468 495 574 509 582 515 578 571 586 525 522 403 438 527 406 401 422 91 270 13 96 
119 336 325 484 491 482 489 514 579 572 581 524 521 568 439 526 405 402 423 288 363 400 95 86 67 
324 45 330 467 446 485 512 575 510 519 516 577 440 523 404 397 376  3 364 399 92 271 66 97 12 
313 118 335 320 483 490 445 488 513 576 441 520 517 394 375  4 365 398 289  2 287 94 85 68 65 
46 323 314 331 444 389 486 511 442 391 518 393 374 379 396 377 290  1 286 93 272 79 98 11 76 
117 312 319 334 321 332 443 390 487 386 369 380 395 298 291 366  5 296 277 102 99 84 77 64 69 
310 47 322 315 306 383 388 385 302 381 392 373 282 367 378 297 278 285  6 273 78 101 80 75 10 
113 116 311 318 333 316 305 382 387 370 301 368 299 292 281 284 295 276 103 100 83 74 61 70 63 
48 309 114 111 50 307 384 109 52 303 372 107 54 283 294 105 56 279 274  7 58 81 72  9 60 
115 112 49 308 317 110 51 304 371 108 53 300 293 106 55 280 275 104 57 82 73  8 59 62 71 
