25 24 25
624
2
111 114 217 202 229 116 235 186 233 118 237 184 447 120 239 452 517 122 241 454 533 124 243 246 531 
216 201 112 115 218 203 230 117 236 185 436 119 238 451 512 121 240 453 534 123 242 529 532 125 244 
113 110 215 228 205 222 207 234 187 232 183 448 439 446 441 518 521 516 455 544 535 550 245 530 247 
200 225 198 219 214 227 204 231 180 437 188 435 442 511 450 513 456 543 520 553 528 545 536 547 126 
109 172 213 226 223 206 221 208 189 182 179 438 449 440 445 522 519 526 515 542 551 554 549 248 537 
212 199 224 197 220 209 190 181 66 177 74 81 434 443 510 457 514 523 552 527 558 541 546 127 548 
171 108 173 210 191 196 69 176 73 80 65 178 75 82 459 444 525 508 559 576 555 562 557 538 249 
156 211 192 195 70 175 72 27 42 67 52 79 64 433 76 509 458 577 524 561 568 575 540 563 128 
107 170 157 174 193 30 43 68 51 14 41 62 53 78 83 460 507 560 579 574 617 556 569 250 539 
158 155 194 31 44 71 26  7 28 39 50  9 84 63 432 77 578 95 614 567 580 573 616 129 564 
169 106 159 162 25 32 29 38 13  8 15 40 61 54 85 96 461 506 581 612 615 618 565 570 251 
154 161 104 167 34 45  2 17  6 37 12 49 10 97 60 431 94 613 498 623 566 611 572 619 130 
105 168 163 160 103 24 33 36  1 16  5 20 55 86 93 462 497 582 505 586 621 624 603 252 571 
164 153 292 295 166 35 46  3 18 21 48 11 98 59 430 91 494 499 622 597 610 587 620 131 606 
291 296 165 320 293 102 23 326 47  4 19 56 87 92 463 496 583 504 585 500 625 604 607 602 253 
152 321 294 339 318 325 330 101 22 327 88 99 58 429 90 493 488 495 596 609 598 601 588 605 132 
297 290 319 324 335 340 355 328 331 100 57 424 89 464 473 484 503 584 501 490 591 608 599 254 589 
322 151 338 317 348 329 334 359 356 423 332 465 428 475 482 487 492 489 592 595 600 411 590 133 264 
289 298 323 336 341 354 351 370 333 358 425 422 477 472 485 474 483 502 491 414 403 594 265 412 255 
150 337 316 349 352 347 360 357 420 369 466 375 470 427 476 481 486 415 402 593 410 413 390 263 134 
299 288 305 342 345 350 353 368 371 366 421 426 467 478 471 416 399 480 407 404 391 266 409 256 271 
284 149 344 315 306 361 346 365 310 419 374 469 376 417 398 479 406 387 392 401 408 389 272 135 262 
287 300 285 304 343 314 309 362 367 372 311 418 397 468 377 386 393 400 405 388 267 382 259 270 257 
148 283 302 307 146 281 364 313 144 279 396 373 142 277 394 379 140 275 384 381 138 273 268 261 136 
301 286 147 282 303 308 145 280 363 312 143 278 395 378 141 276 385 380 139 274 383 260 137 258 269 
