17 11 25
624
1
267 286 33 404 269 284 31 310 271 76 29 78 273 74 27 72 161 88 121 70 91 118 95 68 93 
34 289 268 285 32 405 270 283 30 309 272 75 28 79 274 87 26 71 90 137 120 69 92 117 96 
287 266 403 294 407 314 411 296 311 282 77 298 85 280 73 162 89 160 131 122 127 136 119 94 67 
290 35 288 391 402 295 406 313 412 297 308 281 80 299 86 275 132 25 144 135 138 123 126 97 116 
265 392 293 408 315 410 395 418 307 312 451 84 305 82 279 24 163 134 159 130 145 128 141 66 125 
36 291 390 397 394 401 316 413 452 417 306 81 450 19 300 133 276 151 146 143 148 139 124 115 98 
325 264 393 292 409 396 419 400 421 454 449 458 83 304 23 278  3 164 149 158 129 142 105 140 65 
262 37 324 389 398 317 414 453 416 461 422 455 20 459 18 301 150 277 152 147 110 155 114 99 104 
241 326 263 318 323 388 399 420 445 448 457 460 469 22 303  4 165  2 157 154 169 106 111 64 113 
38 261 242 327 248 343 446 415 462 423 470 21 456 17 472 11 302 153 168 107 156 109 172 103 100 
243 240 249 260 319 322 387 342 447 444 463 468 471 474  5 576  1 166  9 578 173 170 101 112 63 
250 39 320 247 328 259 344 465 424 467 432 475 16 529 12 473 10 577 592 167 108 581 174 171 102 
239 244 251 258 321 386 341 434 431 464 443 512 487 476 575  6 595  8 579 606 591 564 177 62 175 
40 257 246 329 252 345 430 425 466 433 486 477 528 15 530 13 574 607 596 593 580 605 582 563 178 
245 238 253 256 385 340 435 428 479 442 511 488 513 504 527 600  7 594 611 602 609 590 565 176 61 
254 41 330 339 346 429 426 441 436 485 478 505 510 531 14 573 620 601 608 597 612 583 604 179 562 
237 338 255 384 335 438 373 480 427 506 489 514 503 526 509 532 599 616 619 610 603 566 589 60 585 
42 331 336 347 374 383 440 437 484 491 502 519 508 515 534 621 572 623 598 617 588 613 584 561 180 
337 236 375 334 439 372 481 382 501 498 507 490 523 518 525 516 533 618 615 624 567 556 551 586 59 
332 43 348 367 376 379 496 483 492 381 522 499 520 215 226 535 622 571 568 555 614 587 560 181 552 
235 366 333 378 353 482 371 380 497 500 493 202 227 524 517 212 225 538 625 570 557 550 553 58 547 
44 349 354 363 368 377 360 495 370 201 228 521 214 211 216 221 536 569 224 539 554 559 548 543 182 
355 234 365 352 359 362 369 196 229 494 203 200 207 220 213 210 217 222 537 558 549 542 185 546 57 
350 45 232 357 364 47 230 361 194 49 198 205 192 51 208 219 190 53 540 223 188 55 544 183 186 
233 356 351 46 231 358 195 48 197 204 193 50 199 206 191 52 209 218 189 54 541 184 187 56 545 
