1 4 25
624
5
19 420 21 82 17 428 415 84 15 440 435 86 13 446 483 88 11 576 623 90  9 608 617 92  7 
22 81 18 429 416 83 16 441 434 85 14 445 482 87 12 575 600 89 10 607 618 91  8 261 612 
419 20 421 412 427 442 433 414 439 444 481 436 447 548 591 484 577 622 605 624 609 616 611  6 93 
80 23 430 417 432 413 450 443 476 437 448 547 572 485 574 599 590 601 596 621 606 619 262 613 260 
407 418 411 422 451 426 475 438 449 480 551 486 549 592 585 578 595 598 625 604 615 610 259 94  5 
24 79 408 431 410 455 452 477 544 487 546 571 568 573 580 593 586 589 602 597 620 263 614 257 242 
399 406 423 454 425 474 457 488 479 552 543 550 563 582 569 584 579 594 587 526 603 258 243  4 95 
78 25 400 409 456 453 478 541 534 545 560 565 570 567 562 581 588 527 522 249 264 525 256 241 224 
341 398 405 424 473 402 489 458 555 542 553 538 561 564 583 528 521 248 265 524 255 244 225 96  3 
26 77 340 401 404 459 472 533 540 535 556 559 566 537 520 247 266 523 250 245 226 209 240 223 160 
313 342 397 460 393 490 403 508 467 554 539 536 519 558 529 278 251 246 227 254 239 222 161  2 97 
76 27 312 339 396 471 466 491 532 511 518 557 530 277 514 267 228 253 238 221 208  1 210 159 162 
311 314 343 394 461 392 507 468 509 492 531 512 515 500 279 252 237 220 229 206 211 200 171 98 157 
28 75 338 317 370 395 470 465 504 517 510 501 280 513 276 357 268 205 212 201 172 207 158 163 136 
315 310 369 344 387 462 391 506 469 502 493 516 499 358 281 236 219 230 197 168 199 170 135 156 99 
74 29 316 337 318 371 386 503 464 505 378 361 494 275 356 269 204 213 202 173 148 155 164 137 134 
309 332 319 368 345 388 463 390 377 362 495 498 359 282 235 218 231 196 167 198 169 138 149 100 151 
30 73 336 331 334 367 372 385 496 379 360 363 274 355 270 193 214 203 174 147 154 165 152 133 110 
327 308 333 320 383 346 389 366 373 376 497 350 283 234 217 232 179 144 195 166 139 146 111 150 101 
72 31 326 335 330 321 384 375 380 349 364 273 354 271 192 215 194 175 142 145 122 153 132 109 112 
295 328 307 300 325 382 347 304 365 374 351 284 187 216 233 178 143 180 123 140 131 114 121 102 49 
32 71 296 329 306 301 322 381 348 303 186 353 272 191 128 181 176 141 130 115 120 103 50 113 108 
291 294 289 68 299 324 305 302 185 352 285 188 127 182 177 60 129 124 119 56 53 116 107 48 45 
70 33 292 297 288 35 66 323 286 37 64 183 190 39 62 125 58 41 54 117 104 43 46 51 106 
293 290 69 34 67 298 287 36 65 184 189 38 63 126 59 40 61 118 57 42 55 52 105 44 47 
